1521514820406,
1521514821051,
1521514832376,
1521514829834,
1521514834001,
1521514830825,
1521514832870,
1521514828961,
1521514838002,
1521514837081,
1521514836532,
1521514817094,
1521514836226,
1521514835320,
1521514835316,
1521514835552,
1521514828843
1521514828401
1521514835806
1521514838024
1521514838470
1521514836624
1521514837405
1521514836101
1521514837851
1521514837781
1521514838072
1521514815860
1521514827760
1521514827712
1521514815694
1521514835191
1521514828471
1521514835062
1521514835036
1521514836985
1521514836705
1521514838713
1521514837066
1521514838562
1521514836296
1521514835073
1521514835095
1521514815930
1521514815613
1521514833975
1521514831024
1521514832730
1521514835401
1521514831164
1521514829893
1521514832192
1521514827911
1521514828773
1521514828504
1521514827513
1521514828272
1521514828412
1521514828460
1521514835541
1521514838816
1521514841981
1521514828541
1521514835165
1521514828493
1521514835375
1521514828456
1521514828331
1521514835655
1521514835515
1521514836274
1521514835891
1521514835961
1521514835294
1521514836801
1521514836635
1521514838632
1521514837814
1521514837125
1521514836812
1521514836451
1521514838046
1521514838540
1521514837243
1521514838293
1521514837593
1521514836554
1521514838282
1521514827152
1521514813141
1521514825520
1521514837092
1521514837921
1521514820174
1521514819651
1521514824433
1521514825575
1521514821644
1521514822602
1521514818811
1521514824503
1521514826695
1521514820001
1521514818726
1521514821854
1521514822521
1521514819776
1521514826415
1521514816140
1521514817584
1521514815392
1521514816000
1521514817201
1521514817772
1521514815462
1521514815845
1521514823781
1521514832844
1521514830416
1521514830361
1521514831245
1521514830243
1521514831153
1521514830464
1521514834060
1521514834900
1521514831621
1521514831761
1521514829764
1521514834196
1521514829473
1521514825004
1521514820266
1521514832623
1521514830512
1521514816162
1521514819441
1521514819345
1521514818785
1521514819581
1521514820955
1521514820981
1521514819220
1521514826065
1521514818295
1521514825343
1521514822565
1521514822904
1521514816210
1521514818052
1521514817503
1521514817794
1521514826286
1521514826603
1521514816652
1521514815731
1521514817223
1521514815484
1521514816700
1521514813690
1521514824046
1521514831573
1521514826301
1521514821191
1521514819032
1521514828806
1521514829215
1521514828574
1521514823696
1521514840006
1521514839925
1521514839085
1521514840146
1521514824455
1521514842014
1521514841745
1521514841104
1521514841804
1521514841093
1521514816022
1521514815823
1521514816195
1521514817120
1521514815576
1521514816125
1521514816512
1521514816560
1521514816895
1521514815370
1521514815296
1521514817816
1521514817540
1521514817035
1521514827863
1521514818085
1521514817912
1521514816055
1521514815403
1521514815381
1521514821950
1521514827900
1521514824470
1521514820340
1521514829790
1521514833743
1521514833754
1521514815333
1521514817573
1521514815495
1521514813406
1521514815952
1521514832236
1521514831676
1521514833043
1521514830884
1521514832520
1521514830044
1521514832995
1521514826371
1521514832704
1521514831400
1521514832774
1521514833150
1521514821246
1521514824536
1521514833813
1521514824573
1521514826183
1521514826544
1521514832660
1521514823092
1521514830335
1521514834675
1521514824514
1521514832041
1521514833080
1521514832170
1521514830803
1521514834211
1521514830350
1521514834281
1521514825752
1521514832030
1521514821703
1521514829580
1521514831853
1521514831820
1521514833264
1521514833430
1521514831794
1521514833953
1521514831864
1521514831713
1521514832763
1521514821762
1521514830221
1521514832833
1521514831595
1521514821342
1521514831934
1521514825214
1521514834314
1521514824890
1521514822252
1521514825472
1521514820480
1521514826625
1521514825354
1521514821235
1521514823770
1521514818822
1521514824466
1521514823221
1521514825310
1521514827745
1521514818531
1521514826430
1521514827933
1521514827045
1521514827443
1521514827524
1521514826953
1521514827981
1521514828283
1521514827922
1521514828025
1521514828132
1521514827642
1521514831702
1521514826500
1521514826905
1521514821445
1521514821353
1521514825936
1521514826102
1521514829042
1521514827060
1521514828154
1521514828040
1521514827200
1521514828014
1521514827793
1521514827163
1521514829753
1521514827034
1521514828736
1521514839181
1521514838971
1521514839166
1521514838831
1521514838960
1521514818671
1521514821913
1521514839833
1521514839531
1521514839284
1521514816884
1521514819054
1521514820244
1521514840415
1521514839800
1521514825026
1521514816324
1521514823486
1521514818413
1521514818310
1521514818855
1521514820060
1521514818774
1521514841863
1521514841200
1521514842375
1521514842213
1521514841443
1521514842095
1521514828261
1521514829230
1521514828902
1521514829086
1521514828316
1521514828445
1521514827631
1521514838890
1521514839590
1521514838820
1521514840426
1521514838912
1521514839461
1521514822311
1521514825273
1521514818962
1521514823711
1521514839306
1521514839520
1521514818450
1521514840522
1521514820782
1521514822145
1521514839321
1521514839354
1521514818590
1521514839936
1521514840135
1521514820336
1521514839450
1521514825170
1521514839111
1521514821611
1521514839962
1521514819253
1521514840430
1521514840286
1521514839796
1521514816501
1521514818133
1521514819172
1521514821924
1521514819953
1521514819813
1521514825122
1521514819264
1521514819463
1521514821331
1521514825376
1521514820815
1521514820373
1521514822156
1521514821110
1521514821224
1521514820911
1521514821036
1521514841874
1521514839660
1521514839236
1521514839063
1521514839170
1521514838956
1521514838853
1521514815974
1521514824875
1521514820045
1521514818634
1521514839984
1521514819780
1521514817072
1521514840076
1521514817525
1521514816335
1521514818553
1521514824411
1521514840964
1521514842434
1521514841480
1521514842401
1521514841830
1521514842504
1521514842762
1521514841723
1521514842110
1521514842736
1521514842493
1521514841163
1521514841034
1521514840651
1521514841174
1521514835950
1521514840990
1521514842423
1521514841292
1521514840533
1521514841130
1521514842342
1521514841410
1521514745694
1521514732696
1521514731871
1521514731764
1521514732814
1521514731705
1521514730773
1521514729723
1521514730832
1521514729760
1521514730460
1521514730272
1521514729782
1521514730423
1521514729605
1521514729513
1521514730456
1521514728942
1521514729395
1521514729432
1521514729465
1521514729863
1521514729163
1521514729071
1521514730762
1521514729200
1521514731624
1521514730014
1521514730283
1521514729314
1521514730040
1521514729631
1521514729045
1521514730062
1521514729922
1521514730563
1521514730143
1521514730331
1521514730003
1521514729771
1521514730600
1521514730412
1521514730670
1521514730110
1521514729281
1521514729233
1521514729970
1521514729804
1521514729896
1521514729255
1521514730692
1521514730482
1521514729675
1521514729270
1521514729701
1521514730725
1521514740116
1521514675764
1521514674526
1521514674574
1521514677551
1521514678925
1521514678553
1521514675731
1521514675123
1521514676560
1521514676195
1521514674714
1521514676711
1521514676280
1521514676803
1521514676755
1521514677293
1521514674375
1521514675591
1521514677120
1521514677050
1521514674795
1521514674854
1521514677105
1521514674316
1521514676593
1521514676626
1521514675193
1521514675403
1521514678671
1521514676361
1521514676781
1521514666502
1521514668252
1521514655906
1521514657295
1521514655766
1521514651415
1521514657225
1521514657450
1521514657505
1521514657402
1521514655932
1521514657763
1521514656540
1521514656046
1521514657553
1521514656470
1521514657052
1521514652001
1521514655976
1521514654860
1521514652130
1521514655560
1521514652966
1521514655361
1521514652760
1521514655840
1521514652841
1521514652583
1521514653154
1521514656842
1521514655313
1521514656153
1521514651850
1521514652211
1521514655114
1521514651010
1521514656665
1521514652804
1521514653095
1521514656805
1521514657203
1521514657306
1521514650612
1521514657494
1521514656724
1521514657332
1521514657262
1521514656934
1521514651920
1521514651555
1521514656562
1521514651695
1521514656223
1521514610362
1521514610314
1521514610351
1521514610340
1521514610292
1521514610163
1521514609931
1521514610174
1521514610141
1521514610152
1521514610082
1521514609986
1521514609990
1521514610012
1521514610071
1521514610255
1521514610104
1521514610060
1521514803503
1521514773801
1521514783542
1521514805275
1521514784334
1521514788372
1521514771060
1521514774184
1521514790601
1521514805323
1521514812183
1521514812953
1521514813502
1521514813686
1521514812485
1521514812651
1521514790704
1521514794403
1521514801366
1521514803584
1521514809162
1521514807445
1521514807972
1521514772725
1521514806395
1521514773171
1521514773215
1521514777942
1521514791566
1521514790472
1521514789282
1521514777021
1521514774464
1521514775562
1521514773565
1521514807784
1521514810175
1521514772456
1521514808521
1521514808742
1521514766996
1521514812684
1521514764900
1521514813546
1521514812275
1521514812990
1521514813583
1521514802361
1521514801263
1521514801112
1521514802700
1521514803260
1521514803993
1521514803046
1521514804100
1521514802125
1521514803142
1521514786902
1521514781895
1521514786202
1521514785616
1521514812065
1521514813292
1521514811741
1521514811973
1521514811763
1521514811914
1521514811940
1521514813093
1521514813616
1521514812710
1521514812754
1521514812124
1521514812393
1521514811844
1521514813384
1521514812426
1521514812102
1521514788884
1521514793423
1521514791216
1521514793994
1521514791640
1521514788512
1521514789223
1521514794370
1521514791032
1521514793412
1521514794941
1521514794414
1521514794602
1521514794775
1521514795081
1521514794801
1521514813561
1521514812253
1521514813712
1521514812813
1521514813605
1521514811833
1521514794215
1521514789842
1521514794576
1521514791570
1521514789934
1521514788556
1521514776096
1521514774011
1521514775816
1521514776671
1521514776870
1521514775536
1521514774475
1521514776251
1521514777135
1521514773576
1521514776236
1521514801403
1521514801705
1521514776203
1521514776774
1521514773720
1521514773705
1521514776332
1521514775223
1521514774906
1521514774851
1521514774685
1521514776063
1521514774243
1521514796551
1521514803002
1521514801300
1521514802932
1521514802696
1521514802652
1521514802206
1521514803632
1521514800106
1521514795991
1521514797520
1521514799631
1521514808856
1521514808510
1521514781501
1521514801823
1521514802906
1521514802442
1521514803013
1521514801860
1521514801075
1521514801646
1521514800961
1521514801635
1521514802910
1521514801532
1521514802711
1521514801344
1521514802011
1521514803816
1521514803735
1521514797424
1521514799550
1521514796654
1521514797155
1521514795910
1521514796400
1521514796444
1521514800692
1521514795884
1521514798706
1521514795243
1521514799001
1521514799815
1521514798662
1521514799233
1521514797903
1521514798776
1521514800493
1521514800283
1521514800633
1521514797111
1521514799701
1521514799060
1521514798334
1521514799200
1521514799874
1521514798021
1521514795943
1521514800994
1521514796131
1521514798990
1521514798964
1521514800972
1521514798721
1521514797590
1521514797914
1521514797004
1521514797461
1521514797365
1521514798124
1521514795350
1521514795792
1521514800670
1521514798846
1521514799270
1521514797214
1521514798511
1521514797450
1521514796363
1521514799432
1521514801731
1521514802044
1521514801613
1521514796201
1521514799620
1521514785314
1521514787720
1521514787646
1521514808252
1521514805345
1521514805216
1521514805356
1521514809302
1521514808683
1521514783085
1521514808952
1521514784570
1521514810271
1521514771933
1521514775072
1521514775385
1521514775083
1521514775595
1521514773381
1521514775433
1521514773941
1521514790192
1521514793552
1521514808064
1521514808930
1521514791430
1521514791614
1521514788733
1521514793633
1521514807213
1521514789422
1521514807412
1521514809195
1521514809792
1521514804516
1521514773090
1521514801016
1521514801716
1521514796540
1521514797413
1521514798032
1521514795700
1521514800176
1521514798986
1521514800740
1521514795173
1521514786132
1521514783494
1521514808193
1521514784883
1521514785992
1521514787123
1521514786600
1521514810363
1521514809674
1521514810116
1521514810562
1521514810595
1521514773812
1521514797612
1521514802221
1521514800622
1521514797391
1521514797133
1521514798146
1521514796945
1521514796702
1521514802184
1521514794672
1521514798006
1521514802685
1521514797936
1521514801996
1521514797741
1521514801252
1521514800843
1521514794683
1521514800471
1521514797774
1521514787145
1521514786294
1521514785292
1521514804715
1521514807600
1521514786272
1521514808845
1521514806572
1521514807644
1521514787882
1521514806130
1521514782805
1521514809210
1521514787893
1521514787495
1521514805942
1521514783634
1521514805496
1521514786530
1521514807040
1521514782691
1521514805146
1521514808764
1521514804785
1521514788383
1521514806406
1521514787086
1521514804450
1521514804435
1521514786471
1521514783413
1521514782481
1521514786316
1521514787834
1521514787576
1521514773414
1521514774210
1521514774910
1521514773602
1521514773974
1521514775455
1521514774560
1521514809335
1521514789820
1521514792653
1521514789131
1521514791404
1521514789120
1521514789864
1521514789433
1521514793681
1521514811391
1521514778642
1521514778771
1521514811435
1521514811030
1521514777441
1521514811225
1521514779714
1521514811505
1521514777275
1521514777043
1521514811365
1521514778141
1521514778944
1521514779283
1521514778900
1521514777920
1521514779504
1521514778443
1521514779681
1521514780005
1521514779213
1521514782772
1521514806060
1521514807180
1521514783391
1521514806616
1521514805183
1521514808204
1521514810304
1521514805614
1521514810632
1521514774254
1521514774696
1521514774674
1521514773904
1521514776730
1521514775046
1521514774136
1521514774431
1521514773775
1521514773871
1521514773510
1521514790656
1521514785115
1521514809862
1521514806115
1521514774044
1521514761385
1521514774954
1521514793924
1521514789256
1521514809884
1521514772961
1521514772401
1521514772493
1521514779246
1521514778841
1521514778550
1521514810923
1521514811074
1521514811586
1521514764631
1521514778524
1521514777931
1521514788991
1521514778406
1521514787263
1521514782665
1521514785023
1521514786681
1521514790295
1521514785605
1521514781022
1521514788033
1521514774265
1521514775201
1521514775503
1521514791485
1521514790995
1521514808145
1521514792756
1521514794101
1521514792325
1521514808112
1521514790203
1521514792126
1521514809954
1521514793213
1521514791555
1521514793622
1521514791662
1521514794090
1521514790225
1521514793504
1521514807165
1521514790015
1521514807025
1521514808333
1521514809265
1521514793600
1521514794145
1521514794285
1521514791500
1521514809523
1521514793670
1521514793821
1521514791846
1521514807073
1521514807810
1521514809814
1521514808440
1521514808300
1521514808753
1521514807574
1521514808370
1521514805776
1521514805894
1521514806642
1521514809486
1521514809626
1521514807703
1521514772272
1521514808160
1521514809851
1521514773193
1521514807272
1521514807320
1521514807924
1521514807596
1521514804295
1521514772574
1521514806336
1521514770780
1521514775971
1521514777102
1521514772121
1521514771966
1521514776505
1521514776973
1521514777286
1521514776295
1521514774534
1521514776446
1521514776144
1521514811306
1521514777640
1521514778034
1521514780215
1521514780322
1521514777570
1521514777555
1521514811590
1521514811236
1521514808451
1521514771012
1521514808834
1521514809711
1521514806561
1521514807843
1521514773145
1521514771141
1521514776575
1521514772132
1521514771130
1521514772025
1521514772434
1521514776800
1521514776343
1521514777146
1521514776866
1521514775982
1521514776424
1521514777312
1521514779224
1521514811634
1521514811111
1521514779095
1521514810805
1521514780226
1521514811343
1521514778130
1521514779423
1521514778303
1521514779692
1521514768153
1521514764922
1521514768024
1521514807482
1521514770916
1521514809206
1521514773226
1521514775901
1521514776903
1521514767814
1521514776785
1521514776391
1521514779703
1521514778981
1521514811564
1521514778734
1521514778152
1521514780193
1521514811321
1521514779084
1521514779154
1521514780425
1521514767092
1521514778502
1521514779272
1521514779235
1521514777404
1521514788696
1521514777850
1521514777673
1521514788405
1521514788906
1521514780241
1521514788921
1521514786051
1521514784043
1521514783321
1521514785174
1521514789691
1521514784636
1521514804866
1521514804553
1521514805194
1521514783096
1521514780812
1521514784754
1521514782595
1521514781626
1521514781350
1521514784905
1521514781125
1521514781700
1521514781582
1521514781221
1521514781556
1521514780860
1521514780801
1521514781420
1521514781195
1521514788140
1521514784323
1521514786843
1521514781243
1521514782923
1521514786935
1521514811144
1521514810890
1521514779725
1521514779316
1521514777205
1521514779471
1521514767943
1521514767383
1521514767254
1521514767663
1521514767464
1521514763905
1521514768260
1521514765213
1521514767475
1521514777975
1521514780090
1521514777776
1521514780263
1521514789116
1521514790155
1521514799594
1521514789352
1521514775514
1521514779574
1521514779401
1521514777522
1521514778690
1521514778863
1521514777231
1521514789901
1521514788486
1521514787274
1521514783660
1521514786891
1521514782492
1521514783052
1521514804391
1521514786946
1521514785631
1521514785830
1521514780716
1521514781825
1521514780672
1521514780882
1521514781210
1521514788000
1521514785841
1521514778675
1521514777382
1521514778605
1521514790085
1521514778955
1521514786784
1521514779924
1521514779320
1521514779342
1521514783586
1521514777301
1521514777835
1521514788626
1521514780366
1521514788766
1521514787182
1521514778244
1521514779913
1521514790214
1521514788674
1521514789610
1521514782411
1521514787510
1521514783376
1521514787300
1521514787311
1521514783332
1521514784205
1521514789234
1521514804240
1521514804520
1521514782794
1521514785336
1521514782842
1521514783041
1521514782750
1521514804586
1521514783166
1521514790516
1521514781851
1521514782525
1521514781770
1521514780996
1521514780985
1521514781744
1521514780646
1521514781070
1521514782864
1521514781162
1521514788335
1521514781803
1521514781033
1521514780764
1521514784986
1521514781405
1521514781641
1521514781416
1521514785362
1521514781711
1521514784312
1521514781335
1521514785351
1521514783181
1521514781011
1521514781722
1521514781906
1521514788136
1521514784371
1521514788022
1521514782956
1521514713402
1521514727273
1521514755295
1521514763194
1521514712750
1521514731090
1521514755704
1521514676932
1521514695950
1521514704744
1521514752086
1521514734450
1521514728581
1521514754890
1521514670315
1521514769015
1521514711114
1521514709666
1521514744353
1521514746254
1521514770732
1521514715406
1521514748155
1521514739243
1521514744574
1521514693953
1521514741273
1521514682985
1521514747540
1521514718081
1521514728301
1521514745856
1521514769155
1521514714242
1521514744331
1521514713892
1521514720450
1521514728743
1521514725895
1521514723670
1521514723541
1521514756581
1521514769424
1521514718092
1521514772320
1521514757141
1521514737795
1521514743421
1521514738064
1521514737891
1521514742415
1521514743476
1521514726750
1521514738554
1521514744596
1521514743605
1521514737261
1521514738086
1521514736690
1521514745355
1521514744655
1521514716611
1521514747934
1521514751972
1521514746276
1521514746346
1521514726993
1521514729185
1521514734516
1521514733503
1521514731226
1521514721220
1521514725571
1521514719960
1521514726525
1521514727240
1521514728323
1521514723493
1521514720505
1521514728975
1521514727601
1521514724650
1521514725431
1521514727730
1521514757465
1521514721290
1521514723316
1521514756253
1521514756942
1521514756953
1521514756360
1521514757045
1521514772644
1521514757104
1521514769365
1521514771443
1521514770986
1521514772235
1521514756824
1521514696786
1521514702832
1521514692730
1521514694933
1521514693695
1521514692623
1521514693474
1521514736723
1521514737504
1521514723530
1521514724554
1521514724425
1521514721636
1521514719853
1521514728334
1521514724580
1521514721113
1521514726120
1521514721920
1521514725151
1521514727343
1521514727715
1521514726912
1521514727914
1521514721043
1521514725136
1521514720564
1521514723983
1521514729325
1521514726046
1521514724565
1521514728360
1521514725921
1521514728706
1521514721544
1521514756286
1521514756861
1521514756931
1521514757185
1521514772913
1521514771421
1521514694664
1521514757001
1521514756183
1521514770931
1521514756990
1521514756570
1521514771970
1521514709972
1521514695143
1521514709854
1521514692660
1521514709736
1521514693533
1521514743631
1521514744913
1521514745156
1521514743104
1521514745720
1521514744692
1521514744832
1521514745123
1521514773554
1521514757082
1521514756721
1521514756776
1521514756780
1521514757060
1521514757012
1521514770905
1521514769306
1521514771233
1521514773440
1521514771023
1521514757093
1521514756986
1521514694970
1521514709784
1521514694406
1521514694362
1521514695040
1521514693323
1521514692940
1521514696731
1521514693356
1521514694060
1521514694756
1521514692715
1521514709795
1521514693172
1521514695994
1521514692074
1521514693161
1521514692472
1521514694395
1521514693253
1521514709036
1521514691794
1521514709390
1521514737390
1521514744051
1521514739346
1521514743782
1521514745226
1521514738016
1521514745930
1521514744364
1521514737843
1521514744810
1521514736981
1521514743130
1521514737935
1521514743760
1521514737342
1521514744552
1521514744530
1521514744434
1521514736664
1521514738296
1521514743395
1521514737132
1521514737272
1521514736642
1521514693043
1521514693850
1521514694723
1521514743410
1521514717215
1521514717834
1521514718604
1521514760976
1521514713170
1521514713321
1521514737224
1521514737106
1521514744283
1521514737003
1521514744390
1521514758806
1521514717064
1521514713796
1521514715023
1521514706365
1521514714986
1521514719046
1521514718906
1521514713866
1521514712901
1521514706306
1521514717285
1521514715465
1521514716320
1521514715830
1521514714161
1521514744445
1521514743852
1521514737353
1521514745521
1521514745215
1521514743082
1521514743384
1521514713262
1521514717694
1521514712245
1521514716854
1521514712536
1521514714673
1521514712912
1521514716176
1521514717123
1521514717112
1521514715745
1521514718276
1521514714592
1521514713041
1521514718490
1521514712363
1521514717871
1521514717985
1521514714684
1521514718151
1521514712831
1521514713752
1521514718291
1521514716946
1521514706380
1521514742975
1521514744880
1521514760560
1521514719293
1521514717020
1521514766451
1521514768746
1521514768982
1521514769413
1521514769074
1521514768562
1521514769122
1521514768691
1521514710086
1521514714006
1521514682171
1521514705562
1521514741295
1521514738425
1521514742732
1521514739420
1521514735021
1521514742555
1521514744401
1521514734295
1521514734763
1521514731230
1521514733164
1521514731904
1521514731716
1521514752484
1521514749485
1521514734030
1521514718641
1521514713144
1521514712260
1521514718335
1521514763990
1521514761120
1521514759182
1521514759753
1521514761654
1521514761293
1521514759882
1521514763172
1521514760070
1521514759786
1521514763765
1521514760044
1521514761993
1521514762984
1521514759775
1521514760125
1521514763220
1521514761094
1521514762155
1521514763032
1521514763931
1521514761234
1521514759694
1521514763275
1521514763102
1521514761271
1521514759812
1521514761551
1521514763975
1521514760571
1521514762590
1521514762284
1521514732420
1521514760081
1521514716530
1521514711954
1521514706822
1521514681622
1521514740912
1521514765202
1521514722491
1521514723902
1521514722104
1521514726116
1521514711431
1521514703366
1521514706122
1521514763006
1521514759005
1521514763124
1521514760475
1521514759893
1521514761046
1521514764163
1521514763776
1521514760755
1521514761610
1521514763695
1521514713413
1521514714356
1521514715071
1521514714286
1521514713542
1521514712293
1521514712595
1521514712923
1521514713936
1521514714920
1521514713026
1521514712131
1521514768842
1521514769763
1521514769284
1521514712960
1521514736185
1521514712352
1521514711582
1521514716294
1521514716036
1521514717484
1521514716003
1521514715270
1521514712330
1521514717322
1521514716681
1521514716574
1521514714393
1521514715115
1521514714662
1521514711840
1521514712945
1521514714290
1521514714194
1521514716202
1521514713844
1521514715233
1521514712816
1521514719282
1521514718943
1521514717565
1521514714791
1521514715174
1521514712853
1521514712875
1521514713446
1521514712746
1521514716563
1521514714113
1521514717156
1521514715793
1521514714065
1521514714990
1521514717532
1521514712702
1521514716821
1521514713015
1521514766845
1521514769166
1521514770216
1521514768875
1521514768315
1521514714942
1521514711641
1521514769052
1521514681681
1521514714743
1521514685796
1521514706240
1521514682543
1521514715340
1521514702703
1521514695456
1521514696370
1521514695784
1521514709751
1521514707673
1521514709913
1521514694270
1521514741505
1521514766016
1521514770765
1521514768400
1521514768665
1521514770441
1521514769833
1521514769461
1521514768761
1521514717554
1521514717764
1521514718431
1521514719035
1521514769214
1521514769520
1521514769881
1521514770640
1521514769590
1521514718022
1521514715723
1521514717893
1521514685564
1521514685284
1521514712654
1521514713940
1521514711884
1521514682005
1521514715266
1521514713365
1521514681250
1521514714835
1521514713240
1521514718302
1521514713925
1521514713984
1521514718501
1521514717252
1521514682274
1521514716913
1521514718873
1521514712864
1521514714312
1521514717134
1521514715734
1521514713590
1521514684606
1521514706590
1521514714964
1521514685726
1521514696484
1521514694454
1521514709526
1521514695692
1521514690921
1521514695036
1521514707776
1521514707603
1521514704313
1521514708410
1521514706144
1521514707964
1521514709924
1521514736233
1521514742371
1521514738193
1521514735452
1521514740536
1521514739781
1521514740956
1521514740982
1521514736012
1521514735474
1521514735850
1521514737456
1521514737681
1521514741402
1521514741925
1521514740816
1521514742916
1521514744250
1521514735371
1521514746420
1521514743314
1521514747072
1521514742113
1521514748446
1521514747890
1521514740481
1521514739641
1521514740153
1521514741306
1521514735102
1521514736126
1521514744261
1521514732011
1521514730504
1521514732943
1521514733046
1521514746630
1521514735135
1521514747551
1521514715082
1521514682462
1521514713505
1521514713520
1521514716132
1521514707500
1521514704055
1521514709806
1521514708340
1521514702390
1521514738473
1521514740761
1521514744246
1521514739475
1521514737176
1521514738904
1521514743012
1521514747083
1521514741041
1521514719050
1521514713800
1521514717930
1521514713612
1521514719153
1521514719260
1521514714614
1521514717506
1521514712632
1521514690335
1521514696123
1521514696941
1521514695865
1521514706251
1521514709460
1521514708325
1521514707253
1521514709596
1521514708432
1521514695191
1521514696300
1521514696042
1521514710031
1521514696252
1521514704722
1521514693570
1521514695666
1521514707216
1521514703160
1521514695095
1521514739932
1521514739044
1521514739254
1521514741391
1521514741203
1521514739276
1521514740945
1521514739873
1521514739884
1521514735776
1521514740772
1521514735382
1521514741800
1521514739766
1521514738720
1521514735953
1521514737423
1521514734951
1521514737821
1521514741310
1521514737320
1521514742850
1521514742662
1521514746405
1521514748505
1521514744040
1521514735905
1521514746512
1521514747396
1521514747831
1521514731613
1521514733514
1521514721640
1521514719901
1521514722771
1521514757292
1521514761680
1521514758736
1521514757281
1521514753442
1521514735113
1521514735555
1521514737460
1521514759075
1521514757793
1521514759506
1521514758784
1521514734903
1521514732560
1521514732243
1521514731576
1521514739313
1521514748693
1521514746615
1521514748645
1521514746011
1521514741181
1521514737784
1521514746162
1521514740061
1521514747444
1521514748096
1521514739663
1521514748144
1521514741645
1521514740385
1521514737644
1521514748564
1521514738226
1521514740584
1521514735710
1521514742846
1521514739523
1521514736454
1521514747562
1521514742570
1521514740540
1521514747433
1521514748822
1521514742393
1521514741030
1521514748461
1521514744526
1521514730633
1521514730493
1521514731145
1521514733256
1521514733470
1521514733304
1521514731241
1521514734170
1521514736336
1521514734391
1521514734796
1521514734623
1521514733400
1521514731322
1521514745285
1521514747923
1521514732884
1521514731451
1521514730526
1521514746151
1521514748450
1521514734376
1521514750793
1521514735275
1521514721754
1521514720741
1521514723563
1521514749986
1521514722605
1521514754400
1521514728441
1521514753335
1521514725276
1521514719982
1521514725335
1521514761153
1521514762030
1521514751526
1521514751935
1521514751622
1521514734601
1521514730666
1521514748892
1521514731790
1521514734575
1521514746022
1521514747525
1521514747960
1521514733260
1521514755391
1521514734656
1521514736395
1521514733536
1521514732722
1521514748273
1521514732803
1521514733223
1521514755306
1521514731414
1521514746383
1521514750093
1521514736163
1521514727925
1521514723272
1521514747853
1521514726820
1521514723051
1521514721205
1521514748251
1521514748671
1521514722071
1521514751106
1521514725604
1521514720343
1521514748413
1521514750826
1521514724812
1521514750233
1521514755343
1521514721581
1521514754901
1521514726945
1521514720494
1521514750594
1521514727984
1521514728220
1521514722185
1521514723121
1521514726864
1521514722340
1521514719890
1521514761573
1521514751143
1521514762564
1521514751180
1521514749496
1521514748542
1521514757406
1521514752602
1521514752672
1521514761256
1521514762435
1521514762041
1521514757034
1521514757325
1521514748704
1521514730972
1521514732626
1521514753910
1521514746140
1521514724834
1521514723305
1521514726304
1521514721555
1521514720203
1521514720855
1521514750104
1521514723434
1521514721916
1521514750535
1521514722830
1521514724263
1521514755321
1521514720181
1521514747632
1521514763356
1521514752451
1521514762144
1521514751563
1521514749835
1521514758854
1521514755870
1521514748951
1521514755236
1521514751541
1521514741623
1521514735975
1521514739416
1521514738101
1521514740024
1521514742290
1521514737250
1521514739184
1521514737596
1521514737924
1521514735636
1521514743325
1521514741236
1521514738786
1521514739011
1521514736992
1521514736465
1521514737471
1521514741343
1521514757760
1521514757723
1521514758390
1521514758961
1521514759296
1521514758412
1521514757572
1521514731101
1521514735360
1521514735220
1521514733853
1521514732291
1521514732431
1521514735894
1521514733083
1521514734844
1521514735286
1521514733002
1521514733595
1521514733374
1521514757944
1521514731134
1521514735625
1521514733794
1521514732453
1521514735780
1521514731834
1521514731215
1521514732685
1521514730390
1521514730294
1521514733816
1521514734365
1521514727144
1521514729196
1521514727166
1521514727973
1521514727822
1521514751036
1521514749065
1521514749636
1521514751692
1521514751515
1521514751375
1521514724790
1521514753055
1521514751821
1521514754256
1521514751224
1521514749975
1521514753195
1521514737040
1521514736513
1521514735522
1521514736675
1521514735813
1521514736966
1521514739394
1521514741214
1521514737563
1521514737633
1521514738075
1521514735253
1521514736896
1521514739685
1521514740374
1521514738694
1521514736340
1521514738285
1521514736266
1521514735603
1521514738451
1521514736443
1521514738510
1521514741855
1521514735662
1521514739755
1521514737880
1521514738145
1521514740050
1521514739324
1521514739486
1521514736885
1521514739582
1521514738650
1521514737773
1521514735721
1521514734940
1521514738856
1521514735150
1521514738812
1521514735802
1521514735161
1521514739033
1521514737386
1521514741892
1521514736605
1521514736174
1521514739571
1521514759215
1521514757955
1521514758460
1521514758692
1521514757513
1521514758666
1521514759064
1521514758305
1521514758261
1521514757896
1521514758132
1521514738171
1521514735640
1521514738344
1521514736863
1521514738156
1521514736200
1521514737526
1521514757712
1521514757303
1521514758224
1521514759204
1521514758062
1521514758176
1521514757675
1521514758320
1521514757244
1521514757782
1521514758865
1521514731952
1521514731484
1521514731436
1521514731440
1521514732394
1521514733385
1521514731565
1521514730036
1521514760092
1521514758213
1521514733993
1521514731930
1521514733606
1521514734881
1521514734730
1521514735205
1521514734693
1521514731252
1521514731005
1521514735916
1521514734925
1521514766720
1521514759731
1521514764852
1521514765224
1521514763286
1521514765633
1521514762575
1521514766790
1521514765865
1521514763942
1521514761746
1521514759510
1521514765784
1521514763021
1521514762376
1521514765751
1521514764804
1521514765386
1521514765541
1521514764476
1521514763360
1521514763474
1521514764793
1521514728290
1521514724145
1521514721334
1521514726761
1521514726772
1521514727483
1521514725943
1521514720284
1521514724635
1521514725442
1521514727052
1521514721835
1521514722115
1521514721522
1521514707091
1521514709434
1521514707846
1521514706262
1521514708174
1521514705466
1521514751762
1521514753766
1521514765014
1521514766484
1521514760221
1521514762612
1521514729012
1521514722211
1521514725464
1521514726573
1521514724661
1521514726901
1521514727542
1521514726890
1521514725206
1521514722351
1521514721102
1521514721054
1521514725195
1521514721080
1521514720461
1521514724215
1521514722023
1521514726971
1521514721791
1521514703996
1521514704792
1521514707474
1521514704210
1521514703635
1521514707006
1521514708454
1521514702681
1521514749102
1521514756021
1521514750771
1521514755715
1521514753652
1521514753291
1521514749905
1521514755951
1521514750760
1521514755645
1521514754525
1521514754503
1521514749592
1521514752893
1521514748052
1521514749813
1521514762726
1521514759602
1521514767011
1521514764546
1521514759860
1521514767000
1521514760350
1521514762273
1521514763846
1521514767070
1521514765062
1521514766370
1521514766064
1521514764535
1521514723445
1521514712035
1521514711770
1521514724204
1521514728544
1521514729900
1521514724230
1521514725766
1521514727306
1521514726444
1521514727870
1521514726691
1521514728393
1521514725685
1521514725733
1521514726492
1521514726470
1521514726400
1521514727262
1521514729351
1521514729001
1521514722616
1521514722325
1521514726153
1521514724252
1521514725486
1521514722303
1521514721990
1521514720726
1521514719783
1521514720601
1521514720822
1521514729056
1521514703576
1521514711313
1521514708196
1521514703370
1521514703602
1521514703322
1521514711254
1521514705724
1521514709471
1521514706133
1521514702025
1521514703333
1521514703823
1521514709552
1521514711162
1521514705503
1521514708546
1521514703090
1521514708395
1521514708060
1521514725770
1521514721275
1521514720715
1521514709515
1521514710252
1521514705175
1521514707496
1521514711571
1521514702751
1521514701826
1521514707802
1521514707172
1521514703425
1521514754260
1521514754341
1521514752926
1521514730751
1521514752053
1521514749426
1521514749150
1521514754816
1521514754886
1521514754024
1521514756080
1521514754002
1521514754746
1521514751876
1521514752786
1521514755332
1521514751681
1521514750196
1521514753420
1521514751014
1521514752823
1521514754186
1521514753840
1521514750572
1521514752812
1521514751154
1521514756043
1521514755623
1521514751320
1521514727866
1521514725803
1521514721905
1521514736804
1521514733676
1521514735964
1521514735194
1521514711055
1521514753921
1521514723924
1521514729826
1521514720811
1521514723692
1521514735312
1521514733691
1521514735872
1521514732280
1521514707522
1521514709202
1521514711066
1521514702611
1521514686135
1521514709456
1521514752300
1521514749684
1521514750686
1521514756091
1521514726164
1521514724333
1521514723740
1521514724823
1521514728264
1521514724694
1521514729406
1521514729620
1521514728430
1521514723250
1521514726223
1521514729955
1521514721684
1521514721824
1521514727505
1521514726584
1521514728021
1521514720914
1521514732980
1521514733886
1521514733890
1521514733175
1521514732210
1521514734634
1521514734586
1521514734354
1521514734122
1521514734015
1521514735080
1521514734240
1521514734811
1521514734380
1521514735743
1521514733035
1521514735010
1521514733761
1521514734413
1521514733772
1521514733912
1521514733956
1521514734262
1521514733190
1521514733702
1521514734026
1521514705190
1521514706100
1521514711383
1521514710285
1521514711210
1521514708001
1521514703775
1521514704976
1521514707780
1521514705606
1521514709051
1521514706730
1521514706940
1521514708550
1521514702401
1521514703764
1521514708465
1521514724705
1521514735054
1521514734144
1521514733282
1521514734531
1521514735986
1521514733562
1521514733013
1521514731650
1521514733643
1521514734866
1521514709143
1521514702375
1521514707286
1521514703171
1521514703952
1521514709530
1521514707710
1521514708911
1521514708255
1521514707566
1521514702596
1521514682834
1521514708841
1521514687071
1521514707743
1521514681810
1521514686500
1521514707043
1521514683711
1521514710635
1521514702655
1521514706575
1521514703381
1521514706660
1521514692833
1521514686415
1521514686732
1521514691094
1521514682812
1521514692903
1521514692531
1521514708653
1521514691621
1521514691761
1521514687476
1521514685424
1521514707813
1521514684433
1521514708885
1521514708664
1521514694034
1521514708896
1521514692284
1521514686570
1521514710075
1521514686872
1521514650785
1521514694830
1521514677901
1521514629752
1521514632600
1521514633263
1521514654720
1521514689613
1521514691422
1521514707264
1521514641265
1521514669700
1521514681460
1521514641501
1521514690593
1521514678973
1521514659115
1521514683906
1521514677422
1521514695132
1521514641770
1521514673524
1521514681316
1521514661370
1521514675801
1521514652325
1521514651150
1521514653025
1521514679592
1521514680664
1521514678586
1521514694782
1521514694863
1521514694793
1521514673616
1521514683593
1521514694911
1521514641210
1521514641486
1521514651382
1521514682823
1521514705912
1521514703300
1521514681386
1521514681036
1521514684455
1521514710425
1521514673410
1521514641755
1521514710753
1521514711722
1521514710134
1521514681084
1521514653585
1521514641700
1521514650822
1521514663481
1521514662906
1521514663466
1521514653762
1521514652900
1521514663094
1521514663245
1521514662280
1521514663890
1521514663540
1521514662383
1521514659631
1521514673594
1521514640915
1521514673572
1521514693942
1521514687126
1521514704243
1521514683265
1521514694432
1521514683641
1521514684363
1521514696720
1521514688390
1521514694686
1521514695110
1521514693301
1521514686474
1521514695795
1521514691912
1521514703926
1521514710414
1521514691304
1521514705864
1521514682786
1521514706833
1521514684503
1521514687362
1521514693426
1521514705551
1521514693684
1521514683836
1521514711836
1521514711556
1521514681692
1521514686975
1521514684562
1521514694001
1521514703716
1521514704641
1521514711291
1521514710742
1521514703521
1521514710790
1521514711486
1521514711803
1521514711184
1521514710554
1521514706284
1521514643656
1521514645432
1521514644382
1521514641103
1521514639950
1521514644220
1521514640753
1521514639821
1521514642245
1521514639983
1521514641921
1521514643096
1521514644566
1521514644496
1521514642514
1521514696845
1521514687141
1521514706181
1521514687815
1521514689871
1521514682521
1521514645071
1521514640930
1521514705411
1521514682322
1521514681526
1521514710381
1521514694384
1521514704022
1521514710856
1521514711011
1521514704604
1521514710646
1521514710215
1521514705610
1521514710996
1521514695106
1521514704862
1521514710226
1521514710775
1521514704195
1521514640020
1521514663761
1521514641803
1521514640786
1521514655140
1521514646493
1521514651581
1521514644953
1521514639644
1521514643903
1521514642326
1521514650531
1521514643030
1521514640683
1521514641394
1521514647764
1521514640366
1521514642116
1521514642525
1521514644990
1521514640425
1521514643472
1521514644231
1521514639670
1521514672533
1521514673804
1521514673060
1521514675580
1521514674596
1521514673631
1521514672544
1521514673896
1521514672172
1521514673900
1521514674784
1521514672150
1521514672032
1521514675101
1521514668790
1521514667644
1521514672496
1521514672242
1521514673620
1521514662173
1521514659900
1521514673760
1521514674401
1521514652550
1521514663886
1521514663514
1521514666351
1521514670632
1521514669965
1521514670536
1521514687152
1521514691562
1521514686964
1521514671306
1521514669862
1521514646250
1521514642654
1521514654775
1521514655070
1521514647381
1521514642352
1521514658636
1521514641733
1521514708185
1521514705702
1521514706542
1521514644021
1521514680104
1521514682020
1521514686990
1521514667154
1521514665942
1521514658625
1521514660994
1521514652815
1521514662766
1521514657984
1521514655851
1521514659815
1521514660412
1521514662066
1521514657973
1521514652653
1521514663525
1521514658172
1521514658404
1521514655000
1521514660596
1521514660725
1521514657656
1521514657251
1521514659546
1521514664155
1521514661193
1521514659561
1521514658990
1521514655685
1521514662431
1521514661661
1521514659642
1521514658651
1521514662232
1521514670363
1521514669210
1521514661182
1521514659465
1521514661042
1521514662932
1521514660202
1521514661926
1521514660224
1521514663455
1521514663923
1521514660132
1521514641825
1521514661300
1521514659981
1521514662641
1521514669766
1521514671903
1521514670746
1521514670116
1521514689252
1521514688670
1521514686172
1521514690453
1521514687830
1521514685166
1521514688434
1521514683965
1521514665463
1521514669545
1521514668926
1521514641840
1521514642024
1521514640495
1521514644684
1521514662313
1521514668882
1521514663735
1521514642632
1521514669291
1521514658544
1521514652476
1521514663621
1521514659362
1521514660983
1521514658371
1521514641151
1521514646891
1521514640834
1521514642820
1521514640064
1521514640171
1521514645255
1521514643811
1521514663610
1521514654495
1521514669696
1521514665474
1521514644393
1521514663901
1521514639913
1521514668005
1521514660633
1521514645944
1521514645454
1521514640134
1521514661414
1521514665205
1521514661156
1521514663993
1521514640742
1521514660320
1521514669276
1521514652701
1521514653482
1521514659384
1521514642374
1521514696661
1521514689823
1521514650586
1521514645196
1521514650111
1521514657962
1521514680944
1521514679544
1521514675904
1521514680292
1521514649680
1521514681412
1521514682473
1521514682355
1521514679135
1521514685984
1521514686953
1521514651452
1521514653784
1521514651592
1521514670013
1521514669685
1521514670190
1521514668171
1521514669733
1521514671892
1521514690744
1521514691831
1521514691201
1521514685262
1521514667563
1521514656875
1521514690350
1521514667423
1521514654753
1521514663002
1521514639585
1521514657085
1521514660375
1521514667902
1521514651146
1521514664951
1521514659476
1521514663724
1521514652852
1521514641932
1521514642584
1521514639806
1521514671656
1521514670595
1521514671564
1521514671855
1521514669560
1521514670455
1521514670293
1521514670676
1521514688876
1521514687185
1521514671015
1521514689344
1521514681482
1521514687594
1521514689355
1521514690674
1521514691035
1521514691190
1521514687675
1521514688460
1521514688751
1521514681950
1521514683173
1521514691315
1521514685730
1521514677175
1521514691536
1521514687745
1521514682016
1521514683534
1521514666826
1521514684234
1521514662114
1521514683361
1521514660526
1521514693076
1521514664391
1521514657240
1521514639574
1521514664516
1521514640156
1521514663444
1521514662490
1521514689451
1521514681401
1521514691083
1521514668646
1521514660585
1521514658474
1521514665986
1521514667530
1521514655486
1521514642201
1521514642175
1521514640322
1521514648733
1521514677573
1521514676770
1521514676000
1521514676044
1521514704302
1521514707021
1521514704280
1521514651986
1521514667552
1521514667596
1521514669092
1521514655280
1521514667843
1521514668532
1521514666163
1521514652675
1521514664811
1521514649595
1521514639456
1521514651021
1521514640263
1521514639736
1521514644824
1521514644813
1521514641055
1521514640856
1521514646224
1521514642746
1521514643225
1521514642256
1521514639596
1521514642956
1521514644161
1521514663186
1521514640005
1521514641081
1521514640160
1521514648722
1521514648453
1521514648383
1521514642551
1521514662895
1521514644614
1521514644452
1521514643951
1521514652546
1521514659992
1521514645292
1521514662884
1521514646401
1521514663470
1521514665010
1521514645992
1521514664774
1521514649444
1521514644710
1521514678796
1521514677960
1521514678203
1521514677923
1521514676232
1521514675646
1521514678446
1521514678133
1521514678612
1521514678155
1521514679032
1521514676081
1521514678483
1521514676265
1521514676906
1521514676151
1521514676022
1521514678225
1521514678166
1521514676206
1521514677503
1521514677886
1521514678833
1521514677536
1521514678063
1521514678822
1521514677632
1521514678892
1521514679010
1521514703075
1521514706995
1521514703005
1521514707695
1521514709165
1521514707054
1521514706435
1521514704733
1521514704630
1521514706203
1521514707570
1521514706715
1521514704033
1521514707161
1521514704700
1521514706516
1521514706796
1521514709692
1521514704136
1521514703230
1521514705890
1521514703856
1521514704685
1521514703941
1521514707231
1521514703860
1521514709935
1521514696134
1521514697232
1521514693522
1521514703790
1521514707275
1521514704534
1521514706236
1521514710156
1521514704125
1521514695832
1521514705422
1521514707986
1521514696112
1521514704545
1521514708594
1521514707894
1521514706155
1521514708314
1521514657133
1521514690615
1521514689565
1521514685041
1521514693150
1521514696451
1521514655221
1521514649492
1521514652222
1521514674806
1521514674095
1521514646666
1521514643236
1521514647613
1521514656831
1521514655302
1521514676604
1521514653224
1521514658382
1521514652535
1521514654996
1521514669184
1521514692321
1521514690711
1521514696274
1521514689742
1521514689090
1521514694281
1521514692203
1521514643391
1521514695515
1521514692446
1521514693183
1521514696882
1521514684934
1521514649724
1521514673944
1521514674611
1521514675016
1521514652266
1521514673270
1521514675064
1521514651124
1521514673981
1521514673966
1521514675344
1521514656632
1521514672776
1521514675020
1521514673185
1521514675300
1521514656735
1521514656853
1521514655254
1521514656201
1521514655350
1521514647156
1521514646810
1521514645130
1521514645830
1521514656606
1521514680852
1521514657391
1521514652631
1521514680056
1521514675624
1521514695810
1521514694093
1521514695493
1521514691923
1521514692225
1521514689705
1521514696580
1521514693393
1521514689554
1521514692030
1521514691783
1521514692785
1521514691551
1521514671612
1521514675182
1521514643015
1521514647322
1521514653552
1521514673885
1521514650575
1521514674644
1521514648291
1521514658581
1521514654871
1521514674913
1521514645631
1521514675005
1521514647370
1521514661322
1521514645104
1521514647554
1521514652955
1521514673351
1521514674320
1521514672194
1521514661716
1521514672205
1521514673771
1521514658931
1521514674972
1521514674261
1521514657774
1521514673071
1521514672964
1521514674460
1521514650730
1521514651861
1521514650903
1521514650306
1521514647893
1521514650870
1521514653541
1521514647635
1521514649260
1521514649923
1521514649934
1521514650645
1521514645686
1521514649956
1521514651264
1521514646600
1521514657601
1521514680410
1521514676011
1521514675790
1521514677864
1521514649540
1521514647565
1521514672345
1521514651662
1521514673992
1521514675451
1521514650623
1521514661720
1521514680734
1521514674655
1521514674670
1521514653364
1521514648814
1521514645174
1521514644835
1521514649750
1521514653283
1521514655571
1521514655523
1521514680933
1521514652060
1521514654473
1521514676534
1521514677212
1521514678041
1521514653176
1521514679485
1521514655770
1521514658894
1521514657026
1521514654812
1521514651360
1521514679496
1521514656525
1521514676582
1521514681154
1521514680922
1521514651802
1521514681143
1521514676276
1521514676910
1521514656385
1521514680325
1521514675996
1521514681003
1521514680421
1521514676766
1521514678505
1521514679743
1521514680900
1521514656691
1521514681132
1521514681165
1521514656234
1521514653806
1521514640650
1521514658301
1521514659222
1521514648523
1521514656820
1521514658102
1521514655781
1521514639611
1521514643321
1521514642481
1521514651430
1521514642901
1521514640506
1521514646342
1521514660272
1521514656186
1521514640646
1521514651990
1521514643074
1521514643041
1521514680141
1521514678962
1521514679360
1521514677875
1521514679732
1521514680362
1521514683372
1521514678623
1521514680373
1521514680001
1521514680093
1521514679802
1521514678634
1521514678365
1521514680616
1521514681456
1521514687513
1521514690630
1521514689204
1521514680476
1521514680303
1521514678564
1521514681880
1521514676103
1521514679625
1521514680605
1521514679463
1521514655394
1521514656514
1521514648136
1521514648092
1521514649186
1521514655884
1521514640510
1521514640860
1521514680071
1521514680244
1521514678181
1521514679791
1521514679006
1521514680266
1521514688843
1521514688235
1521514685822
1521514682856
1521514681644
1521514682075
1521514679415
1521514683070
1521514688633
1521514681751
1521514683011
1521514667305
1521514666082
1521514666034
1521514656676
1521514655022
1521514650376
1521514671800
1521514655405
1521514648582
1521514655755
1521514649971
1521514670094
1521514664962
1521514667084
1521514668705
1521514670551
1521514642164
1521514641980
1521514643170
1521514653913
1521514649352
1521514639552
1521514678321
1521514679846
1521514678435
1521514679835
1521514683022
1521514680454
1521514684385
1521514652793
1521514681740
1521514665091
1521514663433
1521514667294
1521514642680
1521514658802
1521514647112
1521514645200
1521514665172
1521514665570
1521514655641
1521514651872
1521514679393
1521514678645
1521514679931
1521514679651
1521514682031
1521514683840
1521514690545
1521514690383
1521514681736
1521514691164
1521514681961
1521514679706
1521514682580
1521514687583
1521514681725
1521514682996
1521514683033
1521514659023
1521514649330
1521514665194
1521514667633
1521514667482
1521514693555
1521514684083
1521514687174
1521514689801
1521514689941
1521514686706
1521514688961
1521514682952
1521514683394
1521514681040
1521514682650
1521514682311
1521514688865
1521514684912
1521514685240
1521514682484
1521514679161
1521514683206
1521514658496
1521514669464
1521514667460
1521514668591
1521514666922
1521514667353
1521514665964
1521514665894
1521514664306
1521514666955
1521514667025
1521514662405
1521514664645
1521514669523
1521514665334
1521514666970
1521514665076
1521514665393
1521514665850
1521514663960
1521514642971
1521514658150
1521514651183
1521514671940
1521514667036
1521514666524
1521514666642
1521514640473
1521514649105
1521514669991
1521514670470
1521514656304
1521514664693
1521514669711
1521514669781
1521514665382
1521514665706
1521514643575
1521514643553
1521514650192
1521514649912
1521514644415
1521514648276
1521514653246
1521514652572
1521514649993
1521514648232
1521514669674
1521514657015
1521514670153
1521514669722
1521514643785
1521514649234
1521514655512
1521514658113
1521514662954
1521514671844
1521514647753
1521514653202
1521514648103
1521514660784
1521514669884
1521514656746
1521514658430
1521514665161
1521514648965
1521514650763
1521514665662
1521514646272
1521514649131
1521514671494
1521514665290
1521514665264
1521514667235
1521514669335
1521514670072
1521514671472
1521514671262
1521514657855
1521514642212
1521514644986
1521514653950
1521514643844
1521514651721
1521514654204
1521514654322
1521514655501
1521514657100
1521514639865
1521514652115
1521514639655
1521514584856
1521514576773
1521514577510
1521514576132
1521514585055
1521514584904
1521514583611
1521514585103
1521514584871
1521514586481
1521514585361
1521514585092
1521514585442
1521514584996
1521514573866
1521514575955
1521514583121
1521514584075
1521514584985
1521514586455
1521514585265
1521514585910
1521514586444
1521514574371
1521514584042
1521514583821
1521514586422
1521514586584
1521514584613
1521514583051
1521514616216
1521514634350
1521514636575
1521514634803
1521514604375
1521514604412
1521514635713
1521514604202
1521514599733
1521514637382
1521514637124
1521514635256
1521514636111
1521514598753
1521514595135
1521514601391
1521514575616
1521514627420
1521514632902
1521514632386
1521514637544
1521514603196
1521514597526
1521514592416
1521514602603
1521514603760
1521514618935
1521514624830
1521514570786
1521514568196
1521514600341
1521514591834
1521514618040
1521514575362
1521514627490
1521514561933
1521514633053
1521514632165
1521514626005
1521514571420
1521514562235
1521514634792
1521514596406
1521514603211
1521514638001
1521514634394
1521514594391
1521514591451
1521514589060
1521514602312
1521514595662
1521514602194
1521514599394
1521514595533
1521514604320
1521514602636
1521514604073
1521514597434
1521514594472
1521514603104
1521514573671
1521514637146
1521514619753
1521514618795
1521514606416
1521514580881
1521514613615
1521514613346
1521514622844
1521514614573
1521514626930
1521514614256
1521514615026
1521514580774
1521514581474
1521514619543
1521514617200
1521514623080
1521514615811
1521514628794
1521514627556
1521514580391
1521514580763
1521514620486
1521514577495
1521514615693
1521514616592
1521514617480
1521514615612
1521514616905
1521514607466
1521514618014
1521514618036
1521514618946
1521514607061
1521514608015
1521514608951
1521514616043
1521514609511
1521514620534
1521514605893
1521514605576
1521514565971
1521514569493
1521514573682
1521514577134
1521514565816
1521514565584
1521514572886
1521514569876
1521514570440
1521514571862
1521514581124
1521514582373
1521514581010
1521514579223
1521514572061
1521514571114
1521514576843
1521514570381
1521514570112
1521514576983
1521514578346
1521514570005
1521514572573
1521514569121
1521514574953
1521514577031
1521514576692
1521514626090
1521514621525
1521514621411
1521514623850
1521514625250
1521514626694
1521514623242
1521514617281
1521514626451
1521514624351
1521514620453
1521514613755
1521514612322
1521514622575
1521514626915
1521514613184
1521514618585
1521514623360
1521514623275
1521514621061
1521514612031
1521514613000
1521514620442
1521514619425
1521514574651
1521514623765
1521514619436
1521514615564
1521514608424
1521514606195
1521514615796
1521514617830
1521514567496
1521514567975
1521514608052
1521514605064
1521514606405
1521514605915
1521514604924
1521514609430
1521514607724
1521514607326
1521514625180
1521514623743
1521514616441
1521514605790
1521514619716
1521514569821
1521514571696
1521514569865
1521514566203
1521514572853
1521514574964
1521514570672
1521514573940
1521514567776
1521514625456
1521514621223
1521514612834
1521514614212
1521514616710
1521514581231
1521514620265
1521514617944
1521514580052
1521514615236
1521514611460
1521514564836
1521514613055
1521514579330
1521514573450
1521514571534
1521514617793
1521514578103
1521514579466
1521514612506
1521514616264
1521514566682
1521514565374
1521514638303
1521514636203
1521514633812
1521514569924
1521514564814
1521514571324
1521514637905
1521514628864
1521514630964
1521514628293
1521514629203
1521514631185
1521514615866
1521514616555
1521514585280
1521514586492
1521514592490
1521514592770
1521514588872
1521514573236
1521514575200
1521514576121
1521514612333
1521514612296
1521514626860
1521514619764
1521514617771
1521514624056
1521514616253
1521514626543
1521514624303
1521514611552
1521514613442
1521514610594
1521514614562
1521514579816
1521514582616
1521514576445
1521514579934
1521514573531
1521514574872
1521514582130
1521514579573
1521514579691
1521514577193
1521514615730
1521514574920
1521514623695
1521514614422
1521514614013
1521514579013
1521514623566
1521514576471
1521514616102
1521514623706
1521514613733
1521514613641
1521514623124
1521514577996
1521514610502
1521514576353
1521514612495
1521514611924
1521514611946
1521514614901
1521514615306
1521514623533
1521514625821
1521514571464
1521514568012
1521514637684
1521514565363
1521514564976
1521514570425
1521514564755
1521514565035
1521514637404
1521514566166
1521514565072
1521514571674
1521514565551
1521514565326
1521514568863
1521514638631
1521514567275
1521514637150
1521514634114
1521514583563
1521514575933
1521514568104
1521514637673
1521514576563
1521514575992
1521514572455
1521514574264
1521514575981
1521514572934
1521514571055
1521514583865
1521514569434
1521514574194
1521514580984
1521514569460
1521514569552
1521514568141
1521514572330
1521514566295
1521514571556
1521514571873
1521514569880
1521514574415
1521514573446
1521514568421
1521514565466
1521514574754
1521514567835
1521514566925
1521514613070
1521514628433
1521514627604
1521514613803
1521514619484
1521514631233
1521514630393
1521514620361
1521514630850
1521514618456
1521514583983
1521514582410
1521514624406
1521514615715
1521514620556
1521514575034
1521514614024
1521514626020
1521514614610
1521514567113
1521514571350
1521514636273
1521514637894
1521514633230
1521514637640
1521514637990
1521514570661
1521514583692
1521514573030
1521514580962
1521514579551
1521514572820
1521514614315
1521514615203
1521514614385
1521514615225
1521514627055
1521514629295
1521514631115
1521514630684
1521514625423
1521514621540
1521514620954
1521514576250
1521514579175
1521514614260
1521514616113
1521514613873
1521514612985
1521514565256
1521514564582
1521514564910
1521514569972
1521514636085
1521514633646
1521514568174
1521514614864
1521514614293
1521514637754
1521514564663
1521514636225
1521514565293
1521514576316
1521514565525
1521514583143
1521514565676
1521514584215
1521514578221
1521514636144
1521514569843
1521514565492
1521514566435
1521514567614
1521514566144
1521514567253
1521514571685
1521514632655
1521514632541
1521514575583
1521514586551
1521514574091
1521514574290
1521514573962
1521514583670
1521514585630
1521514568163
1521514574861
1521514573623
1521514566181
1521514574441
1521514569795
1521514573693
1521514573564
1521514570090
1521514568152
1521514570790
1521514611600
1521514614783
1521514611880
1521514614282
1521514611040
1521514630721
1521514627932
1521514627980
1521514614186
1521514624885
1521514631373
1521514626484
1521514624874
1521514616706
1521514617115
1521514618526
1521514626436
1521514624944
1521514625751
1521514625213
1521514621643
1521514620755
1521514625375
1521514621724
1521514617196
1521514611832
1521514616813
1521514618073
1521514614492
1521514573763
1521514571711
1521514569541
1521514578991
1521514586761
1521514567673
1521514567640
1521514570624
1521514567290
1521514568981
1521514567942
1521514568745
1521514565606
1521514566155
1521514566575
1521514578265
1521514569670
1521514568653
1521514572013
1521514575815
1521514627571
1521514624491
1521514620626
1521514620991
1521514631620
1521514622310
1521514621315
1521514621083
1521514621341
1521514618611
1521514619090
1521514621853
1521514614540
1521514610675
1521514612731
1521514613512
1521514618375
1521514617045
1521514615085
1521514616732
1521514577333
1521514579245
1521514576902
1521514578000
1521514586164
1521514586153
1521514583180
1521514581220
1521514581603
1521514582712
1521514598355
1521514590611
1521514595986
1521514621654
1521514582056
1521514581894
1521514583390
1521514575325
1521514586912
1521514586724
1521514570963
1521514569736
1521514586643
1521514567780
1521514570941
1521514593422
1521514590585
1521514596211
1521514584016
1521514585302
1521514582745
1521514584801
1521514583106
1521514581242
1521514577650
1521514573214
1521514576202
1521514573984
1521514579794
1521514582266
1521514582771
1521514575885
1521514575465
1521514590246
1521514603454
1521514602964
1521514588463
1521514602146
1521514603082
1521514590213
1521514593363
1521514588986
1521514602205
1521514603502
1521514593912
1521514593481
1521514590364
1521514636645
1521514634125
1521514635536
1521514636785
1521514633775
1521514634512
1521514588850
1521514628691
1521514628632
1521514628540
1521514588581
1521514599685
1521514590810
1521514587030
1521514587726
1521514587461
1521514587026
1521514591731
1521514599254
1521514589056
1521514597843
1521514598613
1521514587155
1521514589502
1521514583294
1521514584366
1521514584425
1521514576681
1521514581194
1521514580693
1521514574603
1521514573903
1521514574216
1521514583633
1521514574080
1521514594413
1521514588426
1521514600234
1521514591296
1521514592976
1521514594236
1521514593120
1521514600923
1521514587251
1521514603852
1521514593746
1521514595010
1521514597213
1521514593761
1521514587214
1521514603513
1521514589852
1521514599140
1521514579993
1521514576493
1521514590681
1521514597924
1521514592383
1521514637102
1521514638513
1521514636763
1521514591241
1521514632552
1521514638270
1521514636505
1521514635794
1521514634604
1521514635890
1521514635875
1521514591823
1521514591753
1521514562876
1521514595496
1521514627453
1521514627442
1521514596642
1521514596244
1521514591672
1521514563554
1521514598506
1521514595043
1521514600492
1521514590261
1521514629284
1521514587085
1521514587903
1521514595673
1521514587424
1521514592022
1521514587645
1521514597622
1521514591053
1521514587715
1521514601030
1521514587170
1521514589222
1521514600794
1521514589981
1521514563296
1521514563134
1521514563720
1521514561351
1521514603200
1521514598856
1521514563160
1521514588544
1521514601645
1521514599851
1521514595356
1521514629612
1521514627895
1521514629133
1521514630006
1521514629531
1521514631351
1521514591311
1521514593470
1521514597095
1521514594262
1521514604143
1521514594866
1521514599313
1521514588220
1521514597880
1521514589874
1521514592884
1521514591381
1521514598941
1521514588721
1521514593540
1521514591661
1521514598160
1521514589900
1521514599162
1521514601822
1521514592346
1521514600002
1521514591974
1521514588006
1521514587376
1521514600632
1521514597250
1521514631465
1521514630054
1521514627744
1521514630242
1521514631012
1521514437694
1521514520283
1521514483850
1521514481164
1521514424140
1521514423344
1521514535860
1521514432105
1521514438836
1521514491992
1521514539603
1521514540406
1521514444204
1521514442944
1521514435200
1521514437952
1521514536825
1521514536991
1521514545063
1521514489122
1521514550652
1521514491745
1521514494405
1521514443832
1521514440811
1521514442981
1521514453256
1521514492876
1521514454295
1521514436316
1521514437241
1521514437075
1521514424512
1521514419155
1521514442664
1521514441205
1521514455010
1521514419446
1521514443471
1521514436331
1521514439772
1521514439875
1521514437580
1521514418875
1521514440553
1521514432481
1521514424313
1521514423742
1521514418816
1521514438862
1521514494276
1521514489693
1521514492445
1521514438464
1521514513714
1521514529044
1521514439341
1521514433564
1521514440531
1521514444856
1521514443810
1521514438486
1521514497290
1521514443250
1521514500720
1521514488750
1521514515431
1521514524225
1521514522383
1521514529394
1521514529350
1521514530525
1521514521941
1521514524203
1521514526082
1521514492456
1521514520434
1521514530606
1521514422946
1521514528182
1521514551175
1521514534972
1521514524612
1521514553975
1521514556624
1521514547292
1521514553942
1521514522921
1521514542064
1521514559181
1521514432750
1521514435594
1521514548810
1521514550733
1521514550792
1521514548784
1521514547266
1521514547583
1521514430790
1521514431044
1521514549985
1521514545085
1521514539566
1521514540756
1521514539824
1521514545881
1521514547233
1521514536114
1521514538111
1521514547631
1521514547270
1521514549974
1521514536276
1521514504463
1521514501501
1521514502772
1521514532894
1521514534504
1521514499563
1521514500580
1521514496354
1521514500602
1521514534445
1521514501162
1521514503450
1521514535020
1521514554476
1521514508700
1521514491944
1521514493134
1521514544326
1521514505841
1521514550431
1521514553065
1521514559133
1521514507366
1521514503881
1521514549871
1521514503214
1521514508206
1521514487840
1521514506364
1521514503262
1521514506935
1521514490765
1521514510951
1521514509256
1521514510516
1521514438405
1521514505933
1521514507602
1521514510796
1521514510096
1521514534865
1521514438501
1521514508081
1521514492305
1521514517881
1521514517612
1521514514484
1521514509035
1521514510472
1521514510295
1521514518533
1521514488724
1521514519826
1521514444053
1521514512981
1521514518872
1521514519082
1521514519981
1521514513670
1521514538225
1521514518474
1521514516046
1521514517122
1521514512325
1521514495131
1521514495783
1521514500834
1521514511636
1521514535786
1521514427194
1521514425422
1521514426391
1521514456922
1521514481341
1521514450434
1521514481735
1521514482170
1521514481680
1521514482225
1521514482741
1521514456480
1521514482424
1521514328424
1521514083763
1521514041623
XYK2019302
XYK2019301
WU20180201
1521513729202
1521513660521
WU2018011804
WU2018011803
WU2018011802
WU2018011801
WU20180117
1521513054262
YLL19469
1521512973014
BYX1940302
BYX1940301
1521512918005
PXZ18934
WL17122702DEL
WL17122701DEL
WL17122607
WL17122606
WL17122605
WL17122604
WL17122603
WL17122602
WL17122601
WL171225010606
WL171225030404
WL171225030403
WL171225030402
WL171225030401
WL171225020606
WL171225020605
WL171225020604
WL171225020603
WL171225020602
WL171225020601
WL171225010605
WL171225010604
WL171225010603
WL171225010602
WL171225010601
WL171225020303
WL171225020302
WL171225020301
WL171225010202
WL171225010201
WL17122401
1901921312710
1521512058976
3876850008633
471068011142
90000601561893
90000601576427
1521511788356
BOMWULIAO171215
BOMWULIAO171214
1521511581296
1521511385392
1521511350915
1521511170256
