229966504,
229904356,
229902337,
229880539,
229880527,
229880938,
230043624,
230019503,
230019714,
230019508,
230032437,
230043579,
230006047,
230022763,
230006231,
230011999,
229956110,
229944861,
229942534,
229967666,
229980703,
229994667,
229994768,
229956112,
229991726,
229967100,
229967189,
229966927,
229944840,
229967520,
229967569,
229967125,
229967128,
229857663,
229942581,
229881128,
229944834,
229880655,
229880579,
229930835,
229857665,
229834422,
229851244,
229834508,
229857652,
229834399,
229837195,
229824669,
229824667,
229855674,
229844495,
229850726
229824463
229824462
229857222
229824461
229824465
229825266
229828332
229857009
229834433
229167083
229702619
229167860
229674501
229662352
229698165
229698384
229698159
229697951
229616094
229616117
229123061
229638408
229702500
229698172
229650527
229650519
229123478
229650308
229612558
229657471
229657476
229161836
229657473
229657494
229613032
229161313
229697949
229698375
229674265
229674263
229698385
229698161
229701758
229650283
229698380
229118928
229118918
229118921
229588093
226589452
223341899
